400 4 100 4
a b c d
0.25 0.25 0.25 0.25
0 0 2
0 1 3
0 2 0
0 3 2
1 0 0
1 1 0
1 2 2
1 3 2
2 0 0
2 1 1
2 2 0
2 3 2
3 0 0
3 1 1
3 2 2
3 3 2
4 0 3
4 1 3
4 2 0
4 3 2
5 0 0
5 1 1
5 2 2
5 3 2
6 0 2
6 1 3
6 2 0
6 3 3
7 0 0
7 1 0
7 2 2
7 3 2
8 0 0
8 1 0
8 2 0
8 3 2
9 0 0
9 1 0
9 2 0
9 3 2
10 0 0
10 1 0
10 2 0
10 3 2
11 0 0
11 1 0
11 2 1
11 3 3
12 0 0
12 1 0
12 2 2
12 3 2
13 0 2
13 1 0
13 2 2
13 3 2
14 0 0
14 1 0
14 2 2
14 3 3
15 0 0
15 1 0
15 2 0
15 3 1
16 0 1
16 1 1
16 2 2
16 3 1
17 0 0
17 1 2
17 2 2
17 3 2
18 0 2
18 1 0
18 2 0
18 3 2
19 0 0
19 1 0
19 2 0
19 3 3
20 0 1
20 1 0
20 2 3
20 3 2
21 0 2
21 1 0
21 2 2
21 3 2
22 0 0
22 1 0
22 2 3
22 3 2
23 0 3
23 1 0
23 2 2
23 3 0
24 0 3
24 1 1
24 2 2
24 3 2
25 0 3
25 1 1
25 2 0
25 3 2
26 0 2
26 1 0
26 2 3
26 3 2
27 0 3
27 1 2
27 2 1
27 3 0
28 0 1
28 1 1
28 2 2
28 3 2
29 0 2
29 1 2
29 2 2
29 3 2
30 0 1
30 1 1
30 2 3
30 3 2
31 0 1
31 1 1
31 2 0
31 3 3
32 0 3
32 1 1
32 2 0
32 3 3
33 0 0
33 1 2
33 2 2
33 3 2
34 0 1
34 1 0
34 2 2
34 3 0
35 0 1
35 1 0
35 2 3
35 3 3
36 0 1
36 1 2
36 2 0
36 3 2
37 0 0
37 1 1
37 2 0
37 3 2
38 0 1
38 1 1
38 2 3
38 3 2
39 0 1
39 1 3
39 2 3
39 3 2
40 0 1
40 1 2
40 2 1
40 3 3
41 0 0
41 1 1
41 2 2
41 3 2
42 0 1
42 1 1
42 2 1
42 3 2
43 0 3
43 1 2
43 2 3
43 3 3
44 0 1
44 1 1
44 2 1
44 3 2
45 0 1
45 1 1
45 2 1
45 3 2
46 0 2
46 1 1
46 2 3
46 3 0
47 0 1
47 1 2
47 2 2
47 3 2
48 0 1
48 1 1
48 2 0
48 3 2
49 0 1
49 1 1
49 2 1
49 3 2
50 0 1
50 1 2
50 2 1
50 3 1
51 0 3
51 1 2
51 2 1
51 3 1
52 0 2
52 1 2
52 2 0
52 3 0
53 0 2
53 1 2
53 2 1
53 3 1
54 0 2
54 1 2
54 2 2
54 3 1
55 0 2
55 1 2
55 2 0
55 3 2
56 0 3
56 1 2
56 2 1
56 3 0
57 0 2
57 1 2
57 2 0
57 3 2
58 0 0
58 1 2
58 2 1
58 3 1
59 0 0
59 1 3
59 2 2
59 3 3
60 0 3
60 1 2
60 2 2
60 3 1
61 0 2
61 1 2
61 2 1
61 3 1
62 0 1
62 1 2
62 2 2
62 3 1
63 0 2
63 1 0
63 2 1
63 3 0
64 0 0
64 1 2
64 2 1
64 3 2
65 0 2
65 1 3
65 2 3
65 3 1
66 0 0
66 1 3
66 2 2
66 3 0
67 0 2
67 1 3
67 2 1
67 3 1
68 0 2
68 1 2
68 2 2
68 3 1
69 0 0
69 1 2
69 2 3
69 3 0
70 0 2
70 1 2
70 2 1
70 3 3
71 0 1
71 1 2
71 2 0
71 3 1
72 0 2
72 1 2
72 2 0
72 3 1
73 0 2
73 1 2
73 2 2
73 3 1
74 0 1
74 1 2
74 2 0
74 3 1
75 0 3
75 1 3
75 2 3
75 3 0
76 0 3
76 1 1
76 2 0
76 3 2
77 0 3
77 1 3
77 2 2
77 3 0
78 0 2
78 1 3
78 2 2
78 3 0
79 0 0
79 1 2
79 2 0
79 3 2
80 0 0
80 1 0
80 2 3
80 3 2
81 0 3
81 1 3
81 2 0
81 3 0
82 0 3
82 1 1
82 2 3
82 3 0
83 0 1
83 1 3
83 2 3
83 3 0
84 0 0
84 1 3
84 2 3
84 3 0
85 0 1
85 1 3
85 2 3
85 3 1
86 0 3
86 1 3
86 2 3
86 3 2
87 0 3
87 1 3
87 2 3
87 3 1
88 0 0
88 1 3
88 2 0
88 3 0
89 0 1
89 1 3
89 2 0
89 3 2
90 0 3
90 1 1
90 2 0
90 3 0
91 0 3
91 1 3
91 2 0
91 3 1
92 0 2
92 1 3
92 2 2
92 3 1
93 0 1
93 1 3
93 2 3
93 3 3
94 0 0
94 1 3
94 2 1
94 3 0
95 0 3
95 1 1
95 2 0
95 3 0
96 0 1
96 1 0
96 2 2
96 3 0
97 0 3
97 1 2
97 2 0
97 3 3
98 0 3
98 1 3
98 2 1
98 3 2
99 0 1
99 1 0
99 2 3
99 3 0
