300 4 75 4
a b c d
0.25 0.25 0.25 0.25
0 0 0
0 1 3
0 2 1
0 3 0
1 0 3
1 1 3
1 2 2
1 3 2
2 0 0
2 1 1
2 2 2
2 3 2
3 0 0
3 1 1
3 2 1
3 3 2
4 0 2
4 1 0
4 2 2
4 3 1
5 0 0
5 1 0
5 2 0
5 3 2
6 0 0
6 1 0
6 2 2
6 3 2
7 0 0
7 1 0
7 2 3
7 3 3
8 0 0
8 1 0
8 2 0
8 3 2
9 0 3
9 1 0
9 2 1
9 3 3
10 0 1
10 1 0
10 2 1
10 3 2
11 0 0
11 1 0
11 2 1
11 3 2
12 0 1
12 1 0
12 2 3
12 3 3
13 0 0
13 1 2
13 2 1
13 3 2
14 0 2
14 1 1
14 2 2
14 3 2
15 0 0
15 1 0
15 2 0
15 3 2
16 0 0
16 1 0
16 2 2
16 3 2
17 0 0
17 1 1
17 2 1
17 3 2
18 0 0
18 1 0
18 2 2
18 3 3
19 0 0
19 1 0
19 2 3
19 3 2
20 0 0
20 1 0
20 2 3
20 3 2
21 0 0
21 1 1
21 2 1
21 3 2
22 0 3
22 1 1
22 2 0
22 3 2
23 0 1
23 1 0
23 2 0
23 3 3
24 0 0
24 1 0
24 2 2
24 3 1
25 0 3
25 1 1
25 2 3
25 3 1
26 0 0
26 1 1
26 2 2
26 3 2
27 0 1
27 1 1
27 2 3
27 3 3
28 0 1
28 1 1
28 2 3
28 3 2
29 0 2
29 1 0
29 2 2
29 3 2
30 0 1
30 1 1
30 2 3
30 3 2
31 0 1
31 1 1
31 2 0
31 3 3
32 0 3
32 1 1
32 2 3
32 3 0
33 0 1
33 1 1
33 2 1
33 3 2
34 0 1
34 1 1
34 2 3
34 3 2
35 0 1
35 1 1
35 2 3
35 3 2
36 0 1
36 1 1
36 2 3
36 3 2
37 0 1
37 1 1
37 2 0
37 3 2
38 0 1
38 1 1
38 2 1
38 3 2
39 0 1
39 1 1
39 2 3
39 3 1
40 0 3
40 1 1
40 2 3
40 3 1
41 0 3
41 1 1
41 2 3
41 3 1
42 0 1
42 1 2
42 2 2
42 3 2
43 0 3
43 1 1
43 2 0
43 3 1
44 0 1
44 1 1
44 2 0
44 3 1
45 0 1
45 1 1
45 2 3
45 3 3
46 0 0
46 1 1
46 2 3
46 3 2
47 0 0
47 1 1
47 2 2
47 3 2
48 0 2
48 1 2
48 2 3
48 3 2
49 0 1
49 1 1
49 2 0
49 3 1
50 0 2
50 1 0
50 2 2
50 3 3
51 0 1
51 1 2
51 2 3
51 3 1
52 0 2
52 1 2
52 2 3
52 3 1
53 0 2
53 1 2
53 2 0
53 3 1
54 0 1
54 1 2
54 2 1
54 3 1
55 0 2
55 1 2
55 2 0
55 3 1
56 0 2
56 1 2
56 2 3
56 3 3
57 0 2
57 1 2
57 2 2
57 3 3
58 0 2
58 1 2
58 2 3
58 3 2
59 0 2
59 1 2
59 2 1
59 3 1
60 0 0
60 1 1
60 2 2
60 3 1
61 0 1
61 1 2
61 2 1
61 3 0
62 0 2
62 1 2
62 2 2
62 3 1
63 0 2
63 1 1
63 2 0
63 3 0
64 0 2
64 1 2
64 2 2
64 3 1
65 0 1
65 1 2
65 2 3
65 3 3
66 0 2
66 1 3
66 2 1
66 3 3
67 0 2
67 1 2
67 2 1
67 3 3
68 0 2
68 1 2
68 2 1
68 3 3
69 0 1
69 1 2
69 2 1
69 3 3
70 0 2
70 1 2
70 2 2
70 3 3
71 0 1
71 1 2
71 2 0
71 3 1
72 0 2
72 1 2
72 2 3
72 3 3
73 0 2
73 1 2
73 2 1
73 3 1
74 0 2
74 1 2
74 2 3
74 3 1
