500 5 100 4
a b c d
0.25 0.25 0.25 0.25
0 0 0
0 1 0
0 2 0
0 3 1
0 4 2
1 0 1
1 1 0
1 2 0
1 3 2
1 4 2
2 0 0
2 1 0
2 2 2
2 3 0
2 4 2
3 0 0
3 1 0
3 2 0
3 3 2
3 4 2
4 0 0
4 1 3
4 2 0
4 3 2
4 4 3
5 0 1
5 1 1
5 2 2
5 3 2
5 4 0
6 0 2
6 1 0
6 2 2
6 3 3
6 4 1
7 0 2
7 1 0
7 2 3
7 3 2
7 4 3
8 0 3
8 1 2
8 2 2
8 3 2
8 4 0
9 0 0
9 1 2
9 2 2
9 3 2
9 4 3
10 0 0
10 1 0
10 2 0
10 3 2
10 4 2
11 0 0
11 1 1
11 2 0
11 3 2
11 4 1
12 0 0
12 1 0
12 2 2
12 3 2
12 4 1
13 0 0
13 1 0
13 2 0
13 3 3
13 4 1
14 0 0
14 1 1
14 2 2
14 3 2
14 4 1
15 0 2
15 1 0
15 2 2
15 3 0
15 4 1
16 0 2
16 1 1
16 2 2
16 3 3
16 4 0
17 0 1
17 1 0
17 2 1
17 3 2
17 4 0
18 0 0
18 1 0
18 2 0
18 3 2
18 4 2
19 0 0
19 1 0
19 2 0
19 3 2
19 4 1
20 0 2
20 1 0
20 2 0
20 3 2
20 4 1
21 0 1
21 1 3
21 2 0
21 3 3
21 4 0
22 0 1
22 1 3
22 2 0
22 3 3
22 4 1
23 0 3
23 1 3
23 2 1
23 3 3
23 4 1
24 0 0
24 1 0
24 2 2
24 3 2
24 4 3
25 0 1
25 1 1
25 2 1
25 3 2
25 4 0
26 0 1
26 1 2
26 2 1
26 3 3
26 4 0
27 0 1
27 1 1
27 2 3
27 3 3
27 4 0
28 0 3
28 1 1
28 2 3
28 3 2
28 4 3
29 0 2
29 1 1
29 2 3
29 3 2
29 4 2
30 0 2
30 1 0
30 2 0
30 3 3
30 4 0
31 0 1
31 1 1
31 2 1
31 3 2
31 4 2
32 0 2
32 1 0
32 2 3
32 3 1
32 4 0
33 0 1
33 1 1
33 2 1
33 3 3
33 4 3
34 0 0
34 1 0
34 2 3
34 3 3
34 4 2
35 0 1
35 1 1
35 2 3
35 3 2
35 4 0
36 0 1
36 1 1
36 2 2
36 3 3
36 4 1
37 0 0
37 1 1
37 2 1
37 3 2
37 4 3
38 0 1
38 1 0
38 2 0
38 3 2
38 4 3
39 0 2
39 1 1
39 2 1
39 3 2
39 4 2
40 0 1
40 1 2
40 2 3
40 3 3
40 4 0
41 0 1
41 1 1
41 2 3
41 3 3
41 4 0
42 0 1
42 1 1
42 2 2
42 3 1
42 4 0
43 0 1
43 1 1
43 2 0
43 3 2
43 4 0
44 0 1
44 1 1
44 2 3
44 3 0
44 4 1
45 0 1
45 1 1
45 2 2
45 3 1
45 4 1
46 0 3
46 1 0
46 2 2
46 3 3
46 4 3
47 0 1
47 1 1
47 2 0
47 3 2
47 4 3
48 0 2
48 1 1
48 2 2
48 3 2
48 4 1
49 0 1
49 1 1
49 2 1
49 3 1
49 4 0
50 0 2
50 1 2
50 2 0
50 3 0
50 4 3
51 0 2
51 1 2
51 2 3
51 3 0
51 4 2
52 0 1
52 1 2
52 2 2
52 3 0
52 4 1
53 0 2
53 1 2
53 2 0
53 3 1
53 4 2
54 0 2
54 1 2
54 2 3
54 3 1
54 4 1
55 0 2
55 1 1
55 2 2
55 3 2
55 4 1
56 0 1
56 1 2
56 2 3
56 3 0
56 4 1
57 0 0
57 1 2
57 2 2
57 3 1
57 4 3
58 0 1
58 1 3
58 2 0
58 3 2
58 4 2
59 0 2
59 1 2
59 2 2
59 3 3
59 4 2
60 0 2
60 1 2
60 2 0
60 3 1
60 4 2
61 0 2
61 1 0
61 2 3
61 3 1
61 4 1
62 0 2
62 1 2
62 2 1
62 3 3
62 4 2
63 0 2
63 1 2
63 2 2
63 3 2
63 4 0
64 0 2
64 1 2
64 2 1
64 3 3
64 4 0
65 0 2
65 1 2
65 2 2
65 3 1
65 4 3
66 0 2
66 1 2
66 2 3
66 3 3
66 4 1
67 0 2
67 1 2
67 2 2
67 3 1
67 4 3
68 0 2
68 1 3
68 2 2
68 3 1
68 4 1
69 0 1
69 1 2
69 2 2
69 3 0
69 4 0
70 0 0
70 1 1
70 2 1
70 3 1
70 4 2
71 0 0
71 1 2
71 2 1
71 3 3
71 4 2
72 0 2
72 1 2
72 2 1
72 3 2
72 4 2
73 0 1
73 1 2
73 2 0
73 3 1
73 4 1
74 0 2
74 1 2
74 2 0
74 3 3
74 4 2
75 0 3
75 1 3
75 2 0
75 3 1
75 4 0
76 0 3
76 1 3
76 2 0
76 3 1
76 4 1
77 0 2
77 1 3
77 2 3
77 3 2
77 4 3
78 0 3
78 1 2
78 2 3
78 3 3
78 4 0
79 0 3
79 1 3
79 2 3
79 3 0
79 4 3
80 0 3
80 1 3
80 2 0
80 3 0
80 4 1
81 0 2
81 1 3
81 2 3
81 3 0
81 4 1
82 0 3
82 1 3
82 2 0
82 3 2
82 4 2
83 0 3
83 1 3
83 2 3
83 3 1
83 4 3
84 0 1
84 1 3
84 2 3
84 3 2
84 4 3
85 0 1
85 1 1
85 2 0
85 3 2
85 4 0
86 0 3
86 1 3
86 2 3
86 3 1
86 4 3
87 0 3
87 1 2
87 2 2
87 3 2
87 4 1
88 0 1
88 1 0
88 2 3
88 3 0
88 4 3
89 0 3
89 1 3
89 2 0
89 3 2
89 4 1
90 0 3
90 1 3
90 2 1
90 3 2
90 4 1
91 0 0
91 1 3
91 2 3
91 3 0
91 4 2
92 0 1
92 1 3
92 2 1
92 3 2
92 4 2
93 0 3
93 1 3
93 2 0
93 3 0
93 4 1
94 0 3
94 1 1
94 2 3
94 3 2
94 4 3
95 0 3
95 1 3
95 2 3
95 3 0
95 4 2
96 0 0
96 1 3
96 2 3
96 3 0
96 4 0
97 0 3
97 1 3
97 2 2
97 3 2
97 4 1
98 0 1
98 1 3
98 2 0
98 3 2
98 4 2
99 0 3
99 1 0
99 2 1
99 3 2
99 4 3
