600 8 75 4
a b c d
0.25 0.25 0.25 0.25
0 0 0
0 1 0
0 2 2
0 3 2
0 4 0
0 5 0
0 6 1
0 7 3
1 0 0
1 1 0
1 2 1
1 3 2
1 4 0
1 5 0
1 6 2
1 7 3
2 0 2
2 1 0
2 2 2
2 3 2
2 4 2
2 5 3
2 6 3
2 7 2
3 0 0
3 1 0
3 2 2
3 3 2
3 4 2
3 5 0
3 6 0
3 7 3
4 0 0
4 1 1
4 2 2
4 3 3
4 4 3
4 5 0
4 6 3
4 7 2
5 0 0
5 1 0
5 2 2
5 3 2
5 4 0
5 5 0
5 6 1
5 7 3
6 0 0
6 1 0
6 2 1
6 3 2
6 4 0
6 5 3
6 6 3
6 7 3
7 0 0
7 1 1
7 2 2
7 3 2
7 4 1
7 5 0
7 6 2
7 7 2
8 0 0
8 1 0
8 2 3
8 3 2
8 4 0
8 5 1
8 6 2
8 7 2
9 0 1
9 1 0
9 2 0
9 3 2
9 4 0
9 5 3
9 6 3
9 7 0
10 0 1
10 1 0
10 2 3
10 3 2
10 4 0
10 5 3
10 6 2
10 7 2
11 0 0
11 1 0
11 2 2
11 3 2
11 4 0
11 5 0
11 6 2
11 7 3
12 0 0
12 1 0
12 2 1
12 3 3
12 4 0
12 5 0
12 6 2
12 7 2
13 0 0
13 1 0
13 2 3
13 3 2
13 4 0
13 5 1
13 6 2
13 7 3
14 0 0
14 1 0
14 2 1
14 3 2
14 4 0
14 5 3
14 6 0
14 7 3
15 0 3
15 1 2
15 2 0
15 3 3
15 4 0
15 5 1
15 6 2
15 7 2
16 0 0
16 1 3
16 2 1
16 3 2
16 4 0
16 5 0
16 6 0
16 7 2
17 0 0
17 1 0
17 2 2
17 3 2
17 4 0
17 5 0
17 6 0
17 7 2
18 0 3
18 1 3
18 2 2
18 3 2
18 4 0
18 5 1
18 6 0
18 7 2
19 0 0
19 1 0
19 2 2
19 3 2
19 4 2
19 5 3
19 6 0
19 7 1
20 0 2
20 1 0
20 2 1
20 3 3
20 4 0
20 5 0
20 6 0
20 7 2
21 0 0
21 1 1
21 2 2
21 3 2
21 4 3
21 5 0
21 6 2
21 7 2
22 0 0
22 1 3
22 2 1
22 3 2
22 4 0
22 5 0
22 6 3
22 7 3
23 0 3
23 1 0
23 2 3
23 3 0
23 4 0
23 5 0
23 6 2
23 7 2
24 0 0
24 1 0
24 2 1
24 3 2
24 4 0
24 5 0
24 6 3
24 7 2
25 0 3
25 1 1
25 2 2
25 3 2
25 4 1
25 5 1
25 6 1
25 7 1
26 0 1
26 1 0
26 2 2
26 3 2
26 4 1
26 5 3
26 6 2
26 7 2
27 0 1
27 1 2
27 2 3
27 3 1
27 4 1
27 5 1
27 6 3
27 7 1
28 0 1
28 1 0
28 2 1
28 3 1
28 4 2
28 5 1
28 6 1
28 7 2
29 0 1
29 1 1
29 2 1
29 3 1
29 4 1
29 5 1
29 6 0
29 7 2
30 0 1
30 1 2
30 2 3
30 3 2
30 4 2
30 5 0
30 6 3
30 7 2
31 0 1
31 1 1
31 2 2
31 3 1
31 4 3
31 5 1
31 6 3
31 7 2
32 0 1
32 1 1
32 2 3
32 3 1
32 4 1
32 5 1
32 6 0
32 7 2
33 0 0
33 1 1
33 2 3
33 3 2
33 4 1
33 5 3
33 6 3
33 7 1
34 0 1
34 1 1
34 2 3
34 3 3
34 4 1
34 5 1
34 6 3
34 7 1
35 0 1
35 1 2
35 2 3
35 3 2
35 4 1
35 5 1
35 6 3
35 7 3
36 0 0
36 1 3
36 2 3
36 3 2
36 4 1
36 5 1
36 6 0
36 7 1
37 0 1
37 1 1
37 2 3
37 3 1
37 4 1
37 5 1
37 6 3
37 7 2
38 0 1
38 1 1
38 2 3
38 3 2
38 4 1
38 5 1
38 6 1
38 7 2
39 0 1
39 1 0
39 2 3
39 3 3
39 4 0
39 5 1
39 6 1
39 7 2
40 0 2
40 1 2
40 2 3
40 3 2
40 4 3
40 5 1
40 6 3
40 7 2
41 0 2
41 1 2
41 2 0
41 3 1
41 4 3
41 5 1
41 6 0
41 7 2
42 0 1
42 1 1
42 2 1
42 3 2
42 4 1
42 5 1
42 6 1
42 7 2
43 0 0
43 1 1
43 2 3
43 3 2
43 4 1
43 5 1
43 6 0
43 7 2
44 0 0
44 1 1
44 2 3
44 3 2
44 4 1
44 5 2
44 6 2
44 7 2
45 0 1
45 1 2
45 2 3
45 3 1
45 4 1
45 5 1
45 6 3
45 7 1
46 0 1
46 1 3
46 2 0
46 3 3
46 4 1
46 5 1
46 6 3
46 7 1
47 0 2
47 1 1
47 2 1
47 3 2
47 4 3
47 5 1
47 6 2
47 7 3
48 0 1
48 1 1
48 2 3
48 3 0
48 4 1
48 5 1
48 6 3
48 7 2
49 0 2
49 1 1
49 2 1
49 3 2
49 4 1
49 5 1
49 6 1
49 7 1
50 0 2
50 1 2
50 2 1
50 3 0
50 4 3
50 5 2
50 6 3
50 7 1
51 0 2
51 1 3
51 2 0
51 3 3
51 4 2
51 5 2
51 6 1
51 7 0
52 0 2
52 1 2
52 2 1
52 3 0
52 4 2
52 5 2
52 6 2
52 7 0
53 0 2
53 1 2
53 2 1
53 3 0
53 4 2
53 5 2
53 6 2
53 7 1
54 0 0
54 1 2
54 2 2
54 3 1
54 4 1
54 5 2
54 6 1
54 7 1
55 0 2
55 1 2
55 2 0
55 3 0
55 4 0
55 5 2
55 6 0
55 7 1
56 0 1
56 1 1
56 2 3
56 3 3
56 4 2
56 5 2
56 6 1
56 7 3
57 0 2
57 1 2
57 2 1
57 3 1
57 4 2
57 5 2
57 6 1
57 7 2
58 0 1
58 1 2
58 2 3
58 3 2
58 4 1
58 5 2
58 6 0
58 7 0
59 0 2
59 1 3
59 2 1
59 3 0
59 4 2
59 5 2
59 6 1
59 7 2
60 0 2
60 1 2
60 2 1
60 3 2
60 4 2
60 5 0
60 6 3
60 7 1
61 0 0
61 1 1
61 2 1
61 3 1
61 4 2
61 5 2
61 6 1
61 7 3
62 0 2
62 1 2
62 2 1
62 3 1
62 4 3
62 5 3
62 6 3
62 7 0
63 0 1
63 1 2
63 2 3
63 3 0
63 4 1
63 5 0
63 6 0
63 7 1
64 0 2
64 1 2
64 2 0
64 3 2
64 4 2
64 5 2
64 6 2
64 7 1
65 0 2
65 1 2
65 2 1
65 3 2
65 4 2
65 5 2
65 6 0
65 7 1
66 0 2
66 1 2
66 2 2
66 3 1
66 4 2
66 5 0
66 6 1
66 7 1
67 0 2
67 1 2
67 2 0
67 3 0
67 4 1
67 5 3
67 6 1
67 7 0
68 0 2
68 1 2
68 2 0
68 3 1
68 4 2
68 5 2
68 6 3
68 7 0
69 0 2
69 1 2
69 2 1
69 3 3
69 4 3
69 5 3
69 6 1
69 7 1
70 0 3
70 1 2
70 2 3
70 3 1
70 4 2
70 5 2
70 6 1
70 7 1
71 0 2
71 1 2
71 2 3
71 3 2
71 4 2
71 5 2
71 6 3
71 7 1
72 0 1
72 1 2
72 2 2
72 3 0
72 4 2
72 5 3
72 6 1
72 7 1
73 0 3
73 1 2
73 2 1
73 3 2
73 4 2
73 5 2
73 6 2
73 7 3
74 0 2
74 1 2
74 2 2
74 3 1
74 4 2
74 5 2
74 6 2
74 7 1
