200 8 25
0 0 0
0 1 1
0 2 3
0 3 1
0 4 3
0 5 3
0 6 2
0 7 3
1 0 3
1 1 3
1 2 2
1 3 0
1 4 3
1 5 3
1 6 0
1 7 0
2 0 3
2 1 3
2 2 1
2 3 0
2 4 3
2 5 3
2 6 2
2 7 0
3 0 3
3 1 2
3 2 0
3 3 0
3 4 3
3 5 3
3 6 0
3 7 0
4 0 3
4 1 0
4 2 2
4 3 0
4 4 1
4 5 3
4 6 3
4 7 1
5 0 3
5 1 1
5 2 2
5 3 0
5 4 3
5 5 3
5 6 0
5 7 2
6 0 3
6 1 2
6 2 2
6 3 2
6 4 3
6 5 0
6 6 1
6 7 2
7 0 3
7 1 3
7 2 3
7 3 0
7 4 2
7 5 2
7 6 0
7 7 2
8 0 3
8 1 0
8 2 3
8 3 2
8 4 2
8 5 3
8 6 1
8 7 3
9 0 3
9 1 0
9 2 3
9 3 1
9 4 3
9 5 1
9 6 0
9 7 1
10 0 0
10 1 0
10 2 0
10 3 0
10 4 2
10 5 3
10 6 1
10 7 1
11 0 3
11 1 3
11 2 0
11 3 2
11 4 3
11 5 3
11 6 0
11 7 2
12 0 0
12 1 3
12 2 1
12 3 0
12 4 1
12 5 3
12 6 3
12 7 2
13 0 0
13 1 1
13 2 2
13 3 3
13 4 2
13 5 0
13 6 0
13 7 0
14 0 1
14 1 1
14 2 0
14 3 2
14 4 3
14 5 1
14 6 3
14 7 0
15 0 3
15 1 2
15 2 0
15 3 0
15 4 3
15 5 3
15 6 0
15 7 0
16 0 3
16 1 3
16 2 0
16 3 1
16 4 3
16 5 0
16 6 0
16 7 0
17 0 3
17 1 3
17 2 3
17 3 2
17 4 3
17 5 3
17 6 0
17 7 2
18 0 3
18 1 3
18 2 0
18 3 0
18 4 3
18 5 3
18 6 0
18 7 0
19 0 3
19 1 0
19 2 2
19 3 0
19 4 3
19 5 0
19 6 0
19 7 1
20 0 3
20 1 3
20 2 3
20 3 1
20 4 3
20 5 3
20 6 3
20 7 2
21 0 3
21 1 3
21 2 1
21 3 2
21 4 0
21 5 0
21 6 1
21 7 0
22 0 3
22 1 3
22 2 3
22 3 2
22 4 3
22 5 2
22 6 1
22 7 0
23 0 3
23 1 2
23 2 3
23 3 0
23 4 3
23 5 1
23 6 0
23 7 1
24 0 1
24 1 3
24 2 0
24 3 0
24 4 1
24 5 1
24 6 2
24 7 1

0 3
1 3
2 3
3 3
4 3
5 3
6 3
7 3
8 3
9 3
10 3
11 3
12 3
13 3
14 3
15 3
16 3
17 3
18 3
19 3
20 3
21 3
22 3
23 3
24 3
